- guid: f0d2ba76-8a51-4d9d-8276-d175f3992f1c
  lat: -37.7986116
  lng: 144.9804752
